0.005593
0.005597
0.005794
0.005132
0.005477
0.005306
0.005249
0.005153
0.005214
0.007245
0.005618
0.007245
0.00551
0.00584
0.005614
0.009222
0.009312
0.007148
0.009318
0.007198
0.006396
0.006265
0.006168
0.006351
0.006224
0.005563
0.005557
0.005843
0.005485
0.005854
0.005612
0.006694
0.005277
0.005359
0.005178
0.006523
0.006658
0.005603
0.005851
0.005589
0.005619
0.006039
0.005229
0.005282
0.005277
0.00516
0.0052
0.005129
0.00667
0.005161
0.005235
0.005215
0.005461
0.005165
0.005806
0.005135
0.00526
0.005259
0.005232
0.005185
0.005252
0.00558
0.005597
0.00555
0.005633
0.005733
0.00552
0.005312
0.005429
0.00514
0.005187
0.005196
0.00526
0.005511
0.005512
0.005677
0.005586
0.007363
0.005485
0.005225
0.005182
0.00526
0.006609
0.005305
0.005292
0.005675
0.005534
0.005487
0.005509
0.005602
0.005546
0.005191
0.005158
0.005169
0.005391
0.005128
0.005333
0.005592
0.006042
0.005509
