0.000831
0.000839
0.000902
0.000842
0.000802
0.00078
0.000833
0.000809
0.000814
0.000863
0.000803
0.000766
0.000811
0.000779
0.000764
0.0008
0.000796
0.000813
0.000811
0.000761
0.000851
0.000777
0.000829
0.000825
0.000772
0.000819
0.000923
0.000785
0.000744
0.000799
0.000814
0.000829
0.000871
0.000871
0.000854
0.000846
0.000856
0.000908
0.000859
0.000827
0.000852
0.000812
0.000814
0.000763
0.000859
0.000784
0.0008
0.000793
0.00081
0.000782
0.000826
0.000864
0.000833
0.000886
0.000795
0.000847
0.000807
0.000872
0.000748
0.0008
0.000802
0.000772
0.000762
0.000793
0.000796
0.000805
0.00081
0.000859
0.000854
0.000866
0.000854
0.000796
0.000829
0.000838
0.000868
0.000906
0.000795
0.000779
0.000766
0.000792
0.000776
0.000758
0.000801
0.000807
0.000762
0.000782
0.000868
0.000872
0.000936
0.00084
0.000875
0.000837
0.000845
0.000854
0.000817
0.000811
0.000781
0.000776
0.000792
0.000743
