0.100094
0.103937
0.102176
0.100542
0.106938
0.106724
0.10809
0.107468
0.108404
0.102058
0.098809
0.100043
0.099615
0.099198
0.108849
0.107176
0.107367
0.109454
0.109459
0.10318
0.11339
0.104914
0.101134
0.101357
0.109444
0.110159
0.107571
0.107838
0.10888
0.10188
0.100928
0.101147
0.100356
0.100241
0.103239
0.108831
0.107838
0.107242
0.110174
0.108224
0.100305
0.101484
0.103587
0.101513
0.100993
0.107489
0.108476
0.108053
0.108076
0.107746
0.102
0.100112
0.098825
0.10205
0.103395
0.10069
0.111212
0.107506
0.108047
0.111707
0.103014
0.101839
0.100652
0.101422
0.104138
0.101301
0.107843
0.10911
0.109077
0.108582
0.107382
0.101042
0.10305
0.099718
0.100362
0.10021
0.10326
0.101347
0.100448
0.09979
0.099603
0.106676
0.107547
0.107389
0.107005
0.109498
0.107953
0.106572
0.102122
0.098927
0.100501
0.100582
0.102876
0.100675
0.100587
0.100788
0.100184
0.113718
0.10618
0.10782
