0.026721
0.027117
0.026449
0.026465
0.024923
0.024945
0.024886
0.025172
0.024986
0.02471
0.026262
0.024802
0.024921
0.024862
0.025121
0.024798
0.025164
0.024589
0.024324
0.024485
0.024546
0.026829
0.026217
0.026489
0.027537
0.026403
0.027037
0.026245
0.02602
0.025961
0.024672
0.024598
0.024474
0.024925
0.024654
0.024762
0.024579
0.025074
0.024392
0.02767
0.026494
0.026441
0.026404
0.026458
0.026719
0.026599
0.026575
0.024876
0.024531
0.024711
0.02456
0.024829
0.026879
0.025098
0.024595
0.024555
0.024792
0.025278
0.024707
0.024827
0.024565
0.024896
0.025679
0.025117
0.025126
0.025306
0.024786
0.025436
0.024756
0.024588
0.025064
0.024763
0.024686
0.02583
0.027094
0.027129
0.026723
0.026571
0.026509
0.026663
0.027011
0.026398
0.024783
0.02489
0.024665
0.024726
0.024516
0.024601
0.025143
0.024768
0.026431
0.026551
0.026454
0.026809
0.025841
0.026635
0.026444
0.026536
0.026653
0.024593
