0.077996
0.077432
0.083811
0.083377
0.083829
0.084798
0.08393
0.077802
0.078993
0.078018
0.077109
0.079172
0.080085
0.083713
0.082915
0.083351
0.08726
0.08352
0.077837
0.078391
0.077738
0.078537
0.077608
0.078392
0.077482
0.078178
0.07904
0.077235
0.078233
0.08391
0.083461
0.085087
0.083856
0.084117
0.078918
0.077573
0.077186
0.078155
0.079821
0.077775
0.083454
0.085034
0.083844
0.083515
0.084046
0.079244
0.076822
0.078056
0.078558
0.078377
0.083429
0.082315
0.083802
0.083255
0.086455
0.078637
0.077988
0.079433
0.077646
0.077463
0.078009
0.07769
0.077821
0.077671
0.077634
0.078514
0.084152
0.084208
0.086479
0.084256
0.084458
0.076779
0.078372
0.07749
0.079
0.082958
0.077587
0.084903
0.084682
0.083511
0.084161
0.083781
0.078999
0.079198
0.077428
0.078498
0.077317
0.084103
0.084031
0.083212
0.083546
0.084018
0.083479
0.077427
0.07885
0.077553
0.0774
0.078301
0.077674
0.077851
