0.022065
0.022189
0.0246
0.022575
0.022505
0.022499
0.022592
0.023444
0.022572
0.022264
0.022971
0.0225
0.022472
0.022295
0.022364
0.023975
0.024089
0.024307
0.024218
0.024093
0.024291
0.02422
0.02424
0.022561
0.022748
0.022158
0.022377
0.022338
0.022106
0.022316
0.02213
0.022125
0.022372
0.021888
0.022058
0.022014
0.022505
0.022424
0.022389
0.02219
0.022293
0.022673
0.022464
0.022183
0.02284
0.021936
0.022413
0.022776
0.022607
0.022403
0.022184
0.022248
0.022302
0.021926
0.022351
0.023043
0.022274
0.022777
0.022829
0.022552
0.022352
0.022238
0.022069
0.022862
0.022232
0.022545
0.02244
0.022335
0.022228
0.022292
0.02201
0.02238
0.02222
0.022206
0.022392
0.022304
0.023979
0.0221
0.022523
0.022241
0.022492
0.022059
0.022266
0.022338
0.024389
0.024241
0.023755
0.023757
0.024017
0.024353
0.023767
0.023898
0.02273
0.022338
0.02203
0.022153
0.022551
0.022162
0.022357
0.021939
