25.664847
28.323676
24.668057
28.525123
25.010406
27.682332
25.809423
25.562987
25.52105
24.956535
25.511843
24.89211
24.991478
28.118974
28.293289
25.044752
27.79158
25.775295
28.300576
28.288396
25.620564
28.117597
28.355949
25.627298
24.777867
25.61789
28.292531
25.690286
25.40943
25.701254
27.465407
28.33159
27.574684
27.557923
25.296046
25.104208
28.119567
25.166994
25.041637
25.800142
25.811249
28.091122
25.678772
25.559788
24.882853
27.65995
25.086005
28.252525
24.826208
25.632954
27.782592
28.257056
25.617247
24.827183
25.561089
28.229834
25.401561
28.174978
28.13592
25.656766
25.591558
27.94962
28.289303
24.989993
28.334965
25.168246
28.133541
25.745383
27.769537
27.695949
25.709995
27.312609
28.65647
25.618464
24.852315
25.309002
28.081393
25.131244
25.660815
25.877245
24.952371
28.352718
28.108804
27.497469
28.217956
24.90639
28.34778
28.030121
25.65146
28.096709
25.584516
25.579018
28.111555
25.686105
25.346028
34.019955
25.558928
25.945335
26.040138
27.569312
