3.280262
3.479602
3.262265
3.456538
3.25939
3.454124
3.279206
3.459024
3.26914
3.506397
3.260801
3.294823
3.415389
3.324738
3.489445
3.326642
3.416857
3.290303
3.392132
3.277944
3.412372
3.287352
3.340871
3.393738
3.235215
3.325127
3.425761
3.251516
3.355312
3.389247
3.277336
3.436054
3.280419
3.459089
3.36629
3.390363
3.292067
3.385512
3.276493
3.31255
3.401739
3.357902
3.404205
3.334208
3.406458
3.358498
3.372936
3.30092
3.235686
3.283487
3.465897
3.342241
3.425257
3.448685
3.416396
3.524264
3.293632
3.382717
3.36679
3.283046
3.439421
3.363804
3.384247
3.434663
3.373118
3.341148
3.273947
3.388623
3.429909
3.491589
3.363158
3.234737
3.408959
3.338797
3.386487
3.349492
3.395178
3.375969
3.218142
3.371155
3.315671
3.362485
3.281091
3.405371
3.339324
3.458145
3.258374
3.432252
3.380177
3.344902
3.316927
3.425096
3.279345
3.39814
3.307191
3.432682
3.38614
3.398294
3.283939
3.267943
