0.005083
0.004935
0.004915
0.004984
0.004995
0.004998
0.004955
0.005079
0.005346
0.0056
0.005267
0.005369
0.005384
0.005327
0.005362
0.005355
0.005129
0.00506
0.005006
0.005028
0.00496
0.004943
0.004998
0.004976
0.004992
0.005024
0.005356
0.005269
0.005302
0.005416
0.005399
0.005413
0.005329
0.005404
0.004911
0.004907
0.005159
0.0049
0.004964
0.005099
0.00489
0.004967
0.00497
0.004957
0.005356
0.005285
0.005291
0.005344
0.005413
0.005323
0.005555
0.005387
0.004965
0.004968
0.005168
0.004989
0.004863
0.00484
0.004969
0.005024
0.004936
0.005113
0.004939
0.005011
0.005181
0.005014
0.004983
0.004951
0.005099
0.004988
0.004958
0.005283
0.005445
0.005294
0.005388
0.00535
0.005325
0.005356
0.005416
0.005043
0.004953
0.004913
0.004962
0.00505
0.005037
0.005017
0.005103
0.005052
0.004994
0.005262
0.005393
0.005395
0.005374
0.005418
0.005299
0.005372
0.005373
0.005443
0.004927
0.004896
