0.021587
0.021413
0.02153
0.022142
0.021219
0.021465
0.021712
0.021675
0.021858
0.023037
0.021805
0.021579
0.022001
0.021568
0.021597
0.022042
0.021733
0.021287
0.021438
0.021434
0.021991
0.021988
0.021726
0.021668
0.021648
0.02131
0.021307
0.022071
0.022103
0.021344
0.021299
0.021719
0.021552
0.0218
0.021365
0.022078
0.022405
0.021433
0.021607
0.021515
0.021577
0.021314
0.021845
0.021331
0.022238
0.021999
0.021339
0.0215
0.021467
0.022014
0.021607
0.021393
0.022002
0.021847
0.021512
0.024398
0.021193
0.021567
0.021142
0.021916
0.021184
0.021899
0.021209
0.021759
0.021672
0.021307
0.021117
0.021619
0.02133
0.021659
0.022164
0.021382
0.021802
0.021836
0.021725
0.021359
0.021598
0.02122
0.022242
0.02153
0.021556
0.021441
0.022594
0.02126
0.021447
0.022038
0.021107
0.021704
0.021757
0.021774
0.021804
0.023213
0.021593
0.021602
0.022329
0.021598
0.021695
0.021668
0.022467
0.021416
