0.051236
0.054013
0.052377
0.055167
0.051469
0.052119
0.055035
0.057343
0.062499
0.056179
0.056239
0.056387
0.05531
0.056978
0.052372
0.0578
0.051457
0.052769
0.052354
0.05299
0.057582
0.0518
0.058349
0.056612
0.056469
0.056369
0.055518
0.057237
0.056753
0.059074
0.051749
0.051683
0.051601
0.05272
0.052567
0.051762
0.05254
0.052837
0.05644
0.056093
0.056616
0.059569
0.056113
0.057102
0.055751
0.05248
0.052215
0.052903
0.057244
0.052749
0.052622
0.052751
0.053563
0.056476
0.051504
0.056943
0.052087
0.052304
0.052237
0.052633
0.054447
0.056109
0.056592
0.056977
0.055485
0.055809
0.056401
0.060479
0.052784
0.053845
0.052472
0.051926
0.05733
0.052555
0.05558
0.052658
0.053992
0.055018
0.056355
0.057641
0.055727
0.05683
0.056829
0.055874
0.05207
0.052798
0.052885
0.055061
0.057589
0.051957
0.051764
0.052382
0.056383
0.058416
0.05498
0.055825
0.055029
0.055906
0.058387
0.052203
