0.21002
0.201901
0.199159
0.210866
0.205113
0.199352
0.201567
0.215496
0.200977
0.218384
0.219661
0.217606
0.217112
0.200925
0.211732
0.199944
0.199479
0.211405
0.202885
0.201142
0.203243
0.211563
0.20907
0.21264
0.222176
0.217096
0.213485
0.199813
0.217113
0.201911
0.198463
0.20057
0.225058
0.215274
0.214435
0.217658
0.210647
0.202151
0.201853
0.207946
0.20025
0.214542
0.215379
0.223575
0.21289
0.197695
0.210011
0.200833
0.201143
0.200206
0.228118
0.21477
0.215902
0.218791
0.206053
0.200274
0.202695
0.220434
0.199101
0.214377
0.219857
0.225167
0.213167
0.204768
0.234331
0.202254
0.202189
0.215047
0.214709
0.218212
0.214136
0.227737
0.197451
0.196787
0.211187
0.200156
0.202547
0.217236
0.229619
0.2146
0.216836
0.207872
0.21409
0.203783
0.196916
0.216474
0.215628
0.220591
0.220343
0.227282
0.203204
0.203382
0.209311
0.199317
0.20051
0.218243
0.226932
0.216012
0.214812
0.208371
