0.001028
0.000991
0.000971
0.000994
0.000993
0.001059
0.001007
0.000993
0.000964
0.000942
0.000945
0.000962
0.000927
0.000911
0.00094
0.000955
0.000885
0.000955
0.001126
0.001002
0.001026
0.001018
0.001018
0.000992
0.000965
0.001002
0.001037
0.000972
0.000939
0.000933
0.000937
0.000939
0.00095
0.000926
0.000959
0.00091
0.001004
0.000989
0.000966
0.000982
0.000987
0.000992
0.001017
0.000986
0.000898
0.000909
0.000947
0.000931
0.000935
0.000911
0.000955
0.00095
0.000963
0.000956
0.001011
0.001027
0.001012
0.000954
0.001011
0.000989
0.001053
0.001013
0.001285
0.001319
0.00128
0.001242
0.001261
0.001261
0.001232
0.001134
0.001085
0.001105
0.001174
0.001114
0.001092
0.001064
0.001132
0.000973
0.000986
0.001022
0.001026
0.001062
0.001033
0.001017
0.001005
0.000996
0.000913
0.00094
0.000898
0.000964
0.000886
0.000894
0.000911
0.000958
0.000953
0.000931
0.000922
0.000937
0.000956
0.000896
