0.005893
0.005831
0.005848
0.005931
0.005881
0.006025
0.006295
0.006325
0.006273
0.006215
0.006331
0.006402
0.005879
0.005967
0.006279
0.005947
0.005916
0.00646
0.006221
0.006317
0.006374
0.006312
0.006342
0.005786
0.005918
0.005864
0.005783
0.005822
0.005788
0.008325
0.006339
0.006185
0.006525
0.006531
0.006953
0.005735
0.006052
0.00594
0.005903
0.005854
0.005859
0.006636
0.006227
0.006298
0.006272
0.006283
0.006261
0.005804
0.005973
0.006363
0.005759
0.005802
0.007963
0.006294
0.006169
0.006622
0.006525
0.006336
0.005874
0.005746
0.006112
0.006278
0.007846
0.005872
0.007011
0.006184
0.006357
0.006286
0.006501
0.006261
0.006027
0.005812
0.006026
0.005958
0.005904
0.005841
0.006393
0.006263
0.00625
0.006471
0.006183
0.00622
0.006027
0.005792
0.00588
0.005876
0.005768
0.005955
0.006263
0.006313
0.00622
0.006221
0.006143
0.008358
0.005746
0.00788
0.005839
0.005899
0.005758
0.005861
