20.930286
21.176162
20.351562
20.409464
20.542757
20.069039
20.584733
20.288773
20.108639
20.160135
20.817445
20.317617
20.700261
20.178183
20.244491
20.118689
20.985476
20.149132
19.821734
20.775423
20.10348
20.156666
21.100187
19.90227
20.166595
20.577954
20.099757
20.488467
20.011945
20.567179
20.683454
20.361736
20.434879
20.618191
20.290674
20.396433
20.08344
20.987214
20.123389
20.312662
20.19112
21.208743
19.915095
20.190966
20.102018
20.438685
20.279728
20.440159
20.240895
20.371617
20.10008
20.048188
20.193045
20.180603
20.865312
20.638574
20.928032
20.176982
20.245785
20.824164
20.151748
21.440707
20.348331
20.454553
20.256818
20.272684
20.478538
20.61603
20.071255
20.464092
20.411316
20.320882
20.495381
20.817878
20.498831
20.570242
20.204503
20.251334
20.32414
20.622937
20.104554
20.692074
20.671885
20.083536
20.577825
20.657426
20.301912
20.417272
20.531233
20.546661
20.71328
20.459948
20.171771
20.511317
20.203418
20.683759
20.5114
20.363629
20.255818
20.361052
