8.533653
8.378759
8.315241
8.308679
8.284837
8.390267
8.275514
8.261301
8.451564
8.527795
8.33128
8.362126
8.434586
8.516934
8.561111
8.156521
8.317182
8.273089
8.164604
8.461963
8.352387
8.241074
8.441208
8.477348
8.30571
8.316967
8.218975
8.254842
8.183827
8.185399
8.325313
8.42691
8.555002
8.452865
8.238665
8.350813
8.437663
8.218137
8.295232
8.236726
8.288707
8.304125
8.481685
8.19446
8.309365
8.312874
8.414736
8.277967
8.503551
8.278539
8.380753
8.430934
8.838046
8.259267
8.285703
8.360023
8.162355
8.480291
8.433284
8.196442
8.278375
8.140465
8.289352
8.108495
8.36476
8.516082
8.705157
8.246106
8.251714
8.301801
8.272849
8.391044
8.325732
8.133828
8.174159
8.250404
8.213015
8.375768
8.244359
8.223333
8.193995
8.138561
8.17843
8.408376
8.328081
8.282905
8.445466
8.192733
8.295348
8.254658
8.215228
8.357574
8.258835
8.466914
8.146416
8.334847
8.544324
8.275157
8.368194
8.345906
