0.024945
0.025087
0.025421
0.024959
0.024943
0.024859
0.024997
0.026347
0.02512
0.026714
0.027135
0.026781
0.02688
0.026948
0.027021
0.026812
0.026756
0.026762
0.025115
0.025011
0.025163
0.025024
0.025016
0.024965
0.025103
0.024896
0.025468
0.026814
0.026898
0.02702
0.026778
0.027305
0.026944
0.026914
0.026844
0.025187
0.02489
0.026151
0.026134
0.025148
0.02509
0.024952
0.025262
0.025239
0.02677
0.026776
0.02678
0.026805
0.027349
0.026751
0.026903
0.027007
0.025056
0.025369
0.025214
0.02495
0.025136
0.025086
0.025037
0.025044
0.024952
0.027136
0.027025
0.02678
0.026846
0.026901
0.027374
0.027019
0.02668
0.024988
0.024958
0.025314
0.025089
0.025258
0.025457
0.024775
0.024961
0.025158
0.024892
0.025025
0.025076
0.024838
0.0251
0.025034
0.02503
0.025461
0.025025
0.026837
0.026764
0.026845
0.027775
0.026959
0.026927
0.027208
0.026847
0.024809
0.024943
0.02499
0.026389
0.025085
