0.069736
0.06936
0.069328
0.069402
0.070906
0.069027
0.069735
0.069989
0.069909
0.069828
0.069499
0.068622
0.069339
0.069623
0.070009
0.069398
0.069882
0.069045
0.070476
0.069257
0.069289
0.069294
0.069571
0.069916
0.073876
0.075229
0.075691
0.075868
0.075098
0.07125
0.068935
0.072394
0.070106
0.068778
0.070551
0.074452
0.075071
0.074314
0.074896
0.075868
0.069152
0.069648
0.069521
0.070503
0.069439
0.069961
0.074001
0.074219
0.073569
0.073519
0.079421
0.071858
0.069873
0.071573
0.069361
0.071215
0.069452
0.073238
0.068586
0.069965
0.069066
0.069746
0.068948
0.069919
0.071201
0.070223
0.069984
0.068881
0.073872
0.074663
0.074782
0.0757
0.078112
0.07016
0.069567
0.073601
0.069747
0.069497
0.074345
0.076284
0.075746
0.074775
0.074799
0.076515
0.073556
0.073134
0.069788
0.070229
0.069492
0.068367
0.069149
0.069075
0.070087
0.069421
0.071184
0.068809
0.069669
0.070132
0.070608
0.069956
