0.002088
0.002093
0.002108
0.001984
0.002161
0.002076
0.001952
0.002063
0.002038
0.002038
0.001971
0.002003
0.00215
0.002217
0.002079
0.002197
0.002182
0.002194
0.002153
0.002134
0.002144
0.00202
0.001982
0.002019
0.002058
0.002019
0.002095
0.002002
0.002048
0.002023
0.002101
0.002146
0.002141
0.002145
0.002084
0.002217
0.002078
0.00217
0.00209
0.001937
0.002003
0.002075
0.001997
0.001984
0.002067
0.00199
0.00211
0.001978
0.002166
0.00218
0.002164
0.002202
0.002235
0.002099
0.002118
0.002144
0.002145
0.002028
0.002078
0.00209
0.001991
0.001964
0.001954
0.002037
0.001986
0.002037
0.001949
0.001964
0.00202
0.001941
0.001922
0.002054
0.001972
0.001995
0.002003
0.001979
0.002118
0.002184
0.002197
0.002115
0.00219
0.00206
0.002107
0.002134
0.002006
0.001998
0.001955
0.001943
0.001989
0.001998
0.001959
0.001995
0.00197
0.002023
0.001968
0.002027
0.002121
0.002108
0.001996
0.002111
