0.022039
0.02355
0.021558
0.023826
0.023611
0.023361
0.023324
0.024041
0.022153
0.02236
0.021645
0.022341
0.021983
0.021903
0.023907
0.023072
0.023675
0.02387
0.024153
0.023719
0.022271
0.021555
0.022704
0.02187
0.022518
0.022518
0.024045
0.024045
0.023863
0.02342
0.024335
0.023781
0.022282
0.021714
0.021983
0.021855
0.02192
0.022115
0.023619
0.024424
0.023595
0.024273
0.023625
0.022019
0.021342
0.021523
0.021874
0.021671
0.021652
0.022031
0.023792
0.023622
0.024223
0.024986
0.023814
0.021712
0.021403
0.021686
0.022032
0.021764
0.021724
0.023748
0.023769
0.023221
0.024164
0.024383
0.023783
0.022103
0.021645
0.022042
0.022099
0.026287
0.021744
0.023475
0.024535
0.023452
0.023727
0.023984
0.022824
0.022028
0.021918
0.021925
0.022484
0.02145
0.022073
0.0241
0.023493
0.023511
0.024054
0.02404
0.022118
0.022188
0.022079
0.022341
0.023501
0.022192
0.023425
0.024156
0.024044
0.023991
