0.021955
0.022327
0.023468
0.023952
0.023464
0.023471
0.023833
0.021823
0.022055
0.021626
0.022068
0.021775
0.022474
0.023508
0.0235
0.023405
0.023199
0.023545
0.023316
0.02188
0.021981
0.021834
0.021711
0.022293
0.021816
0.023826
0.023603
0.023591
0.023385
0.023798
0.023407
0.02194
0.022048
0.021701
0.021916
0.021718
0.02248
0.023436
0.023539
0.02346
0.023978
0.023723
0.023733
0.021895
0.0218
0.021859
0.021982
0.021729
0.021885
0.023746
0.023457
0.023892
0.023322
0.023561
0.022024
0.022479
0.021859
0.022384
0.02223
0.022092
0.023328
0.024229
0.02356
0.023345
0.023493
0.024013
0.021813
0.021907
0.022842
0.021781
0.021874
0.021739
0.023586
0.023419
0.023811
0.023849
0.023829
0.022037
0.022398
0.02186
0.021936
0.021849
0.021819
0.023413
0.023255
0.023439
0.023443
0.023608
0.023753
0.0224
0.02258
0.022126
0.022002
0.022246
0.021932
0.023886
0.023342
0.02364
0.023436
0.023918
