0.004818
0.004327
0.004505
0.004419
0.004421
0.004319
0.004438
0.004514
0.004468
0.004723
0.004711
0.004689
0.004781
0.004667
0.004748
0.00491
0.004694
0.004767
0.00471
0.004511
0.004406
0.004471
0.0044
0.004352
0.004388
0.004476
0.004359
0.004467
0.004424
0.004736
0.00474
0.00473
0.004795
0.004744
0.004775
0.004641
0.004774
0.00445
0.004336
0.004474
0.004411
0.004398
0.004423
0.004449
0.004529
0.004474
0.004507
0.004708
0.004752
0.004744
0.004685
0.004852
0.004838
0.004795
0.004663
0.004431
0.004521
0.004422
0.004447
0.004394
0.004605
0.004379
0.004525
0.004491
0.004462
0.004952
0.004741
0.004742
0.004754
0.004812
0.004733
0.004693
0.004718
0.004399
0.004351
0.004404
0.004423
0.004359
0.004722
0.004484
0.004506
0.0043
0.004416
0.004745
0.004724
0.004737
0.004767
0.00495
0.004693
0.004746
0.004751
0.004515
0.0044
0.004372
0.004424
0.004545
0.004487
0.004386
0.004472
0.004492
